"Status","Start Time","Stop Time","Duration in ms","Parent Suite","Suite","Sub Suite","Test Class","Test Method","Name","Description"
"passed","Wed Aug 10 21:08:28 UTC 2022","Wed Aug 10 21:08:44 UTC 2022","15654","tests","smoke_test","","","","create_basic_timekeepers_test[chromium]",""
